*****
4,0.25,50,(2.75: 8),0.1,0.8,0.0,2,0.6,1,4,60
3.0,20,20,20
3.25,52,52,52
3.5,43,42,43
3.75,29,28,25
4.0,41,10,19
4.25,50,0,15
4.5,25,0,3
4.75,42,0,4
5.0,46,0,1
5.25,36,0,0
5.5,38,0,0
5.75,38,0,0
6.0,45,0,0
6.25,32,0,0
6.5,41,0,0
6.75,40,0,0
7.0,37,0,0
7.25,41,0,0
7.5,47,0,0
7.75,34,0,0
8.0,35,0,0
*****
4,0.25,50,(2.75: 8),0.1,0.8,0.0,2,0,1,4,60
3.0,41,41,41
3.25,42,42,42
3.5,51,51,51
3.75,54,54,52
4.0,48,44,45
4.25,50,0,36
4.5,43,0,24
4.75,55,0,15
5.0,55,0,4
5.25,41,0,1
5.5,61,0,0
5.75,50,0,0
6.0,49,0,0
6.25,48,0,0
6.5,42,0,0
6.75,71,0,0
7.0,41,0,0
7.25,44,0,0
7.5,52,0,0
7.75,49,0,0
8.0,50,0,0
*****
4,0.25,50,(2.75: 8),0.1,0.8,0.0,2,0.3,0.7,4,60
3.0,62,62,62
3.25,61,61,61
3.5,59,59,59
3.75,64,63,64
4.0,64,59,64
4.25,50,0,50
4.5,68,0,61
4.75,55,0,25
5.0,59,0,3
5.25,60,0,2
5.5,66,0,0
5.75,57,0,0
6.0,69,0,0
6.25,58,0,0
6.5,63,0,0
6.75,56,0,0
7.0,64,0,0
7.25,64,0,0
7.5,59,0,0
7.75,59,0,0
8.0,61,0,0
*****
4,0.25,50,(2.75: 8),0.1,0.8,0.0,2,0,0.4,4,60
3.0,49,49,44
3.25,54,54,49
3.5,42,42,35
3.75,60,60,29
4.0,42,42,11
4.25,50,0,10
4.5,52,0,1
4.75,45,0,0
5.0,48,0,0
5.25,47,0,0
5.5,58,0,0
5.75,54,0,0
6.0,55,0,0
6.25,52,0,0
6.5,48,0,0
6.75,56,0,0
7.0,46,0,0
7.25,55,0,0
7.5,48,0,0
7.75,51,0,0
8.0,43,0,0
