*****
4,0.25,50,(2.75: 8),0.27,0.63,0.1,2,0.6,1,4,60
3.0,27,27,27
3.25,68,68,68
3.5,42,42,41
3.75,36,29,29
4.0,56,15,15
4.25,50,0,5
4.5,44,0,3
4.75,36,0,0
5.0,56,0,0
5.25,45,0,0
5.5,44,0,0
5.75,48,0,0
6.0,49,0,0
6.25,49,0,0
6.5,52,0,0
6.75,47,0,0
7.0,43,0,0
7.25,52,0,0
7.5,49,0,0
7.75,44,0,0
8.0,53,0,0
*****
4,0.25,50,(2.75: 8),0.27,0.63,0.1,2,0.3,0.7,4,60
3.0,48,48,48
3.25,48,48,48
3.5,50,50,50
3.75,51,51,51
4.0,46,46,46
4.25,50,0,49
4.5,44,0,32
4.75,54,0,11
5.0,44,0,0
5.25,48,0,0
5.5,52,0,0
5.75,46,0,0
6.0,52,0,0
6.25,45,0,0
6.5,50,0,0
6.75,46,0,0
7.0,43,0,0
7.25,52,0,0
7.5,45,0,0
7.75,52,0,0
8.0,49,0,0
*****
4,0.25,50,(2.75: 8),0.27,0.63,0.1,2,0,1,4,60
3.0,63,63,63
3.25,52,52,52
3.5,45,45,45
3.75,60,60,58
4.0,50,43,45
4.25,51,0,33
4.5,49,0,15
4.75,64,0,6
5.0,48,0,0
5.25,64,0,0
5.5,69,0,0
5.75,51,0,0
6.0,62,0,0
6.25,57,0,0
6.5,52,0,0
6.75,61,0,0
7.0,63,0,0
7.25,42,0,0
7.5,63,0,0
7.75,48,0,0
8.0,48,0,0
*****
4,0.25,50,(2.75: 8),0.27,0.63,0.1,2,0,0.4,4,60
3.0,43,43,42
3.25,44,44,40
3.5,46,46,33
3.75,48,48,24
4.0,38,38,13
4.25,50,0,7
4.5,49,0,3
4.75,57,0,0
5.0,52,0,0
5.25,46,0,0
5.5,45,0,0
5.75,45,0,0
6.0,47,0,0
6.25,46,0,0
6.5,51,0,0
6.75,44,0,0
7.0,43,0,0
7.25,47,0,0
7.5,39,0,0
7.75,48,0,0
8.0,40,0,0
