*****
4,0.25,50,(2.75: 8),0.1,0.8,0.2,2,0.6,1,4,60
3.0,27,27,27
3.25,57,57,57
3.5,41,41,41
3.75,31,27,24
4.0,47,13,14
4.25,50,0,12
4.5,41,0,3
4.75,39,0,2
5.0,49,0,0
5.25,39,0,0
5.5,40,0,0
5.75,42,0,0
6.0,42,0,0
6.25,50,0,0
6.5,39,0,0
6.75,44,0,0
7.0,46,0,0
7.25,35,0,0
7.5,44,0,0
7.75,45,0,0
8.0,48,0,0
*****
4,0.25,50,(2.75: 8),0.1,0.8,0.2,2,0.3,0.7,4,60
3.0,58,58,58
3.25,54,54,54
3.5,47,47,47
3.75,55,55,55
4.0,49,48,49
4.25,50,0,46
4.5,57,0,40
4.75,44,0,15
5.0,60,0,4
5.25,44,0,0
5.5,66,0,0
5.75,50,0,0
6.0,54,0,0
6.25,45,0,0
6.5,63,0,0
6.75,52,0,0
7.0,50,0,0
7.25,51,0,0
7.5,52,0,0
7.75,57,0,0
8.0,52,0,0
*****
4,0.25,50,(2.75: 8),0.1,0.8,0.2,2,0,1,4,60
3.0,43,43,43
3.25,47,47,47
3.5,38,38,38
3.75,46,44,46
4.0,46,39,42
4.25,50,0,37
4.5,33,0,16
4.75,55,0,9
5.0,42,0,1
5.25,46,0,1
5.5,48,0,0
5.75,37,0,0
6.0,52,0,0
6.25,41,0,0
6.5,40,0,0
6.75,39,0,0
7.0,47,0,0
7.25,38,0,0
7.5,43,0,0
7.75,50,0,0
8.0,48,0,0
*****
4,0.25,50,(2.75: 8),0.1,0.8,0.2,2,0,0.4,4,60
3.0,62,62,59
3.25,66,66,54
3.5,56,56,31
3.75,56,56,33
4.0,60,60,18
4.25,50,0,10
4.5,51,0,6
4.75,61,0,2
5.0,63,0,0
5.25,59,0,0
5.5,49,0,0
5.75,57,0,0
6.0,51,0,0
6.25,60,0,0
6.5,63,0,0
6.75,55,0,0
7.0,51,0,0
7.25,53,0,0
7.5,61,0,0
7.75,63,0,0
8.0,51,0,0
