*****
4,0.25,50,(2.75: 8),0.4,0.8,0.0,2,0.6,1,4,60
3.0,30,30,30
3.25,61,61,61
3.5,51,51,51
3.75,45,37,31
4.0,57,16,5
4.25,50,0,3
4.5,45,0,0
4.75,54,0,0
5.0,49,0,0
5.25,48,0,0
5.5,48,0,0
5.75,54,0,0
6.0,41,0,0
6.25,62,0,0
6.5,42,0,0
6.75,47,0,0
7.0,46,0,0
7.25,61,0,0
7.5,41,0,0
7.75,51,0,0
8.0,58,0,0
*****
4,0.25,50,(2.75: 8),0.4,0.8,0.0,2,0,1,4,60
3.0,53,53,53
3.25,50,50,50
3.5,48,48,48
3.75,63,63,62
4.0,51,48,43
4.25,50,0,29
4.5,46,0,3
4.75,52,0,0
5.0,52,0,0
5.25,44,0,0
5.5,58,0,0
5.75,42,0,0
6.0,52,0,0
6.25,48,0,0
6.5,57,0,0
6.75,46,0,0
7.0,58,0,0
7.25,52,0,0
7.5,59,0,0
7.75,61,0,0
8.0,46,0,0
*****
4,0.25,50,(2.75: 8),0.4,0.8,0.0,2,0.3,0.7,4,60
3.0,47,46,47
3.25,63,62,63
3.5,45,45,45
3.75,49,47,49
4.0,58,56,58
4.25,50,0,42
4.5,57,0,22
4.75,49,0,4
5.0,56,0,0
5.25,47,0,0
5.5,54,0,0
5.75,50,0,0
6.0,58,0,0
6.25,50,0,0
6.5,53,0,0
6.75,54,0,0
7.0,55,0,0
7.25,50,0,0
7.5,57,0,0
7.75,58,0,0
8.0,49,0,0
*****
4,0.25,50,(2.75: 8),0.4,0.8,0.0,2,0,0.4,4,60
3.0,50,50,48
3.25,52,52,43
3.5,42,42,26
3.75,49,49,17
4.0,44,44,9
4.25,50,0,2
4.5,56,0,0
4.75,51,0,0
5.0,39,0,0
5.25,52,0,0
5.5,45,0,0
5.75,50,0,0
6.0,38,0,0
6.25,43,0,0
6.5,44,0,0
6.75,40,0,0
7.0,55,0,0
7.25,41,0,0
7.5,47,0,0
7.75,49,0,0
8.0,53,0,0
