*****
4,0.25,50,(2.75: 8),0.1,0.8,0.1,2,0.6,1,4,60
3.0,36,36,36
3.25,60,60,60
3.5,34,33,33
3.75,31,22,24
4.0,45,20,16
4.25,50,0,12
4.5,32,0,4
4.75,44,0,3
5.0,50,0,1
5.25,32,0,0
5.5,38,0,0
5.75,47,0,0
6.0,46,0,0
6.25,32,0,0
6.5,41,0,0
6.75,54,0,0
7.0,37,0,0
7.25,34,0,0
7.5,46,0,0
7.75,43,0,0
8.0,40,0,0
*****
4,0.25,50,(2.75: 8),0.1,0.8,0.1,2,0,1,4,60
3.0,45,45,45
3.25,49,49,49
3.5,36,36,36
3.75,60,60,59
4.0,51,48,48
4.25,51,0,40
4.5,58,0,28
4.75,48,0,13
5.0,47,0,3
5.25,48,0,2
5.5,55,0,0
5.75,53,0,0
6.0,43,0,0
6.25,58,0,0
6.5,48,0,0
6.75,49,0,0
7.0,49,0,0
7.25,51,0,0
7.5,48,0,0
7.75,46,0,0
8.0,44,0,0
*****
4,0.25,50,(2.75: 8),0.1,0.8,0.1,2,0.3,0.7,4,60
3.0,59,59,59
3.25,53,52,53
3.5,55,55,55
3.75,52,50,52
4.0,59,55,59
4.25,50,0,49
4.5,55,0,45
4.75,53,0,24
5.0,50,0,5
5.25,68,0,0
5.5,41,0,0
5.75,58,0,0
6.0,56,0,0
6.25,52,0,0
6.5,55,0,0
6.75,48,0,0
7.0,56,0,0
7.25,58,0,0
7.5,48,0,0
7.75,57,0,0
8.0,60,0,0
*****
4,0.25,50,(2.75: 8),0.1,0.8,0.1,2,0,0.4,4,60
3.0,43,43,42
3.25,45,45,36
3.5,41,41,31
3.75,48,48,21
4.0,48,48,7
4.25,51,0,5
4.5,55,0,5
4.75,34,0,0
5.0,44,0,0
5.25,45,0,0
5.5,41,0,0
5.75,53,0,0
6.0,45,0,0
6.25,47,0,0
6.5,51,0,0
6.75,44,0,0
7.0,60,0,0
7.25,40,0,0
7.5,46,0,0
7.75,46,0,0
8.0,42,0,0
