*****
4,0.25,50,(2.75: 8),0.45,0.06,0.0,4,0.6,1,4,60
3.0,29,29,29
3.25,55,55,55
3.5,57,57,57
3.75,37,30,37
4.0,44,16,44
4.25,50,0,50
4.5,51,0,45
4.75,45,0,40
5.0,46,0,33
5.25,46,0,34
5.5,49,0,22
5.75,48,0,20
6.0,50,0,12
6.25,45,0,11
6.5,43,0,2
6.75,52,0,4
7.0,47,0,1
7.25,43,0,1
7.5,43,0,0
7.75,54,0,0
8.0,45,0,0
*****
4,0.25,50,(2.75: 8),0.45,0.06,0.0,4,0.3,0.7,4,60
3.0,62,62,62
3.25,58,58,58
3.5,56,56,56
3.75,55,55,55
4.0,63,59,63
4.25,50,0,50
4.5,65,0,65
4.75,48,0,47
5.0,63,0,59
5.25,56,0,47
5.5,59,0,17
5.75,49,0,12
6.0,68,0,3
6.25,58,0,2
6.5,60,0,0
6.75,53,0,0
7.0,54,0,0
7.25,60,0,0
7.5,58,0,0
7.75,61,0,0
8.0,53,0,0
*****
4,0.25,50,(2.75: 8),0.45,0.06,0.0,4,0,1,4,60
3.0,50,50,50
3.25,50,50,50
3.5,55,55,55
3.75,43,42,43
4.0,49,47,49
4.25,50,0,50
4.5,43,0,43
4.75,52,0,52
5.0,54,0,51
5.25,41,0,40
5.5,54,0,42
5.75,43,0,21
6.0,47,0,18
6.25,44,0,9
6.5,59,0,1
6.75,42,0,0
7.0,54,0,0
7.25,43,0,0
7.5,57,0,0
7.75,54,0,0
8.0,48,0,0
*****
4,0.25,50,(2.75: 8),0.45,0.06,0.0,4,0,0.4,4,60
3.0,50,50,49
3.25,35,35,29
3.5,44,44,36
3.75,49,49,34
4.0,47,47,15
4.25,51,0,10
4.5,42,0,5
4.75,42,0,1
5.0,58,0,0
5.25,43,0,0
5.5,45,0,0
5.75,48,0,0
6.0,43,0,0
6.25,46,0,0
6.5,45,0,0
6.75,44,0,0
7.0,46,0,0
7.25,53,0,0
7.5,44,0,0
7.75,48,0,0
8.0,50,0,0
