*****
4,0.25,50,(2.75: 8),0.4,0.8,0.2,2,0.6,1,4,60
3.0,23,23,23
3.25,73,73,73
3.5,50,50,50
3.75,34,26,22
4.0,63,22,7
4.25,50,0,1
4.5,39,0,0
4.75,53,0,0
5.0,60,0,0
5.25,35,0,0
5.5,53,0,0
5.75,59,0,0
6.0,37,0,0
6.25,51,0,0
6.5,51,0,0
6.75,51,0,0
7.0,31,0,0
7.25,74,0,0
7.5,37,0,0
7.75,43,0,0
8.0,43,0,0
*****
4,0.25,50,(2.75: 8),0.4,0.8,0.2,2,0.3,0.7,4,60
3.0,52,52,52
3.25,44,44,44
3.5,47,47,47
3.75,48,48,48
4.0,42,41,41
4.25,50,0,40
4.5,33,0,15
4.75,47,0,1
5.0,49,0,0
5.25,45,0,0
5.5,42,0,0
5.75,44,0,0
6.0,47,0,0
6.25,42,0,0
6.5,42,0,0
6.75,46,0,0
7.0,41,0,0
7.25,51,0,0
7.5,34,0,0
7.75,53,0,0
8.0,42,0,0
*****
4,0.25,50,(2.75: 8),0.4,0.8,0.2,2,0,1,4,60
3.0,79,79,79
3.25,54,54,54
3.5,60,60,60
3.75,58,56,56
4.0,54,49,47
4.25,50,0,21
4.5,72,0,5
4.75,52,0,1
5.0,53,0,0
5.25,63,0,0
5.5,51,0,0
5.75,53,0,0
6.0,55,0,0
6.25,53,0,0
6.5,54,0,0
6.75,70,0,0
7.0,58,0,0
7.25,51,0,0
7.5,54,0,0
7.75,54,0,0
8.0,64,0,0
*****
4,0.25,50,(2.75: 8),0.4,0.8,0.2,2,0,0.4,4,60
3.0,48,48,46
3.25,49,49,42
3.5,48,48,29
3.75,52,52,16
4.0,44,44,9
4.25,50,0,2
4.5,57,0,1
4.75,53,0,0
5.0,52,0,0
5.25,53,0,0
5.5,54,0,0
5.75,51,0,0
6.0,54,0,0
6.25,50,0,0
6.5,43,0,0
6.75,50,0,0
7.0,57,0,0
7.25,57,0,0
7.5,49,0,0
7.75,54,0,0
8.0,55,0,0
