*****
4,0.25,50,(2.75: 8),0.27,0.63,0.0,2,0.6,1,4,60
3.0,21,21,21
3.25,47,47,47
3.5,51,51,51
3.75,27,24,22
4.0,40,17,11
4.25,50,0,6
4.5,32,0,3
4.75,37,0,0
5.0,50,0,0
5.25,35,0,0
5.5,37,0,0
5.75,50,0,0
6.0,36,0,0
6.25,37,0,0
6.5,41,0,0
6.75,42,0,0
7.0,31,0,0
7.25,46,0,0
7.5,40,0,0
7.75,36,0,0
8.0,44,0,0
*****
4,0.25,50,(2.75: 8),0.27,0.63,0.0,2,0,1,4,60
3.0,45,45,45
3.25,38,38,38
3.5,44,44,44
3.75,45,45,45
4.0,47,45,43
4.25,50,0,28
4.5,43,0,11
4.75,47,0,2
5.0,40,0,2
5.25,54,0,0
5.5,37,0,0
5.75,43,0,0
6.0,50,0,0
6.25,49,0,0
6.5,44,0,0
6.75,46,0,0
7.0,41,0,0
7.25,46,0,0
7.5,49,0,0
7.75,41,0,0
8.0,44,0,0
*****
4,0.25,50,(2.75: 8),0.27,0.63,0.0,2,0.3,0.7,4,60
3.0,61,61,61
3.25,41,41,41
3.5,57,57,57
3.75,49,49,49
4.0,50,48,50
4.25,50,0,48
4.5,53,0,41
4.75,47,0,12
5.0,55,0,3
5.25,44,0,0
5.5,54,0,0
5.75,47,0,0
6.0,60,0,0
6.25,47,0,0
6.5,51,0,0
6.75,54,0,0
7.0,48,0,0
7.25,57,0,0
7.5,50,0,0
7.75,43,0,0
8.0,61,0,0
*****
4,0.25,50,(2.75: 8),0.27,0.63,0.0,2,0,0.4,4,60
3.0,47,47,43
3.25,39,39,30
3.5,41,41,23
3.75,34,34,16
4.0,34,34,5
4.25,50,0,6
4.5,44,0,1
4.75,37,0,1
5.0,43,0,0
5.25,44,0,0
5.5,34,0,0
5.75,40,0,0
6.0,42,0,0
6.25,46,0,0
6.5,41,0,0
6.75,40,0,0
7.0,41,0,0
7.25,39,0,0
7.5,43,0,0
7.75,38,0,0
8.0,38,0,0
