*****
4,0.25,50,(2.75: 8),0.6,0.07,0.0,4,0.6,1,4,60
3.0,30,30,30
3.25,59,59,59
3.5,48,47,48
3.75,39,35,39
4.0,43,16,43
4.25,50,0,49
4.5,42,0,37
4.75,47,0,39
5.0,46,0,41
5.25,47,0,33
5.5,48,0,24
5.75,47,0,19
6.0,38,0,11
6.25,48,0,8
6.5,45,0,7
6.75,45,0,4
7.0,52,0,0
7.25,46,0,0
7.5,34,0,0
7.75,49,0,0
8.0,48,0,0
*****
4,0.25,50,(2.75: 8),0.6,0.07,0.0,4,0.3,0.7,4,60
3.0,54,54,54
3.25,51,51,51
3.5,56,56,56
3.75,56,55,56
4.0,49,46,49
4.25,50,0,50
4.5,53,0,53
4.75,48,0,47
5.0,61,0,58
5.25,49,0,34
5.5,51,0,25
5.75,53,0,12
6.0,43,0,2
6.25,59,0,2
6.5,47,0,0
6.75,52,0,0
7.0,57,0,0
7.25,46,0,0
7.5,57,0,0
7.75,46,0,0
8.0,65,0,0
*****
4,0.25,50,(2.75: 8),0.6,0.07,0.0,4,0,1,4,60
3.0,61,61,61
3.25,53,52,53
3.5,54,53,54
3.75,59,58,59
4.0,59,51,59
4.25,50,0,50
4.5,66,0,66
4.75,64,0,64
5.0,58,0,55
5.25,58,0,49
5.5,42,0,27
5.75,46,0,23
6.0,62,0,17
6.25,45,0,3
6.5,62,0,0
6.75,60,0,0
7.0,68,0,0
7.25,56,0,0
7.5,57,0,0
7.75,60,0,0
8.0,59,0,0
*****
4,0.25,50,(2.75: 8),0.6,0.07,0.0,4,0,0.4,4,60
3.0,50,50,47
3.25,53,53,37
3.5,47,47,27
3.75,45,45,23
4.0,46,46,12
4.25,50,0,10
4.5,57,0,4
4.75,48,0,1
5.0,48,0,0
5.25,56,0,0
5.5,43,0,0
5.75,56,0,0
6.0,45,0,0
6.25,51,0,0
6.5,55,0,0
6.75,59,0,0
7.0,55,0,0
7.25,49,0,0
7.5,51,0,0
7.75,48,0,0
8.0,50,0,0
