*****
4,0.25,50,(2.75: 8),0.45,0.06,0.2,4,0.6,1,4,60
3.0,35,35,35
3.25,50,50,50
3.5,44,44,44
3.75,43,35,42
4.0,37,12,34
4.25,50,0,46
4.5,41,0,39
4.75,42,0,28
5.0,46,0,30
5.25,41,0,27
5.5,38,0,13
5.75,45,0,18
6.0,47,0,17
6.25,41,0,6
6.5,49,0,5
6.75,34,0,1
7.0,47,0,1
7.25,48,0,0
7.5,39,0,0
7.75,44,0,0
8.0,48,0,0
*****
4,0.25,50,(2.75: 8),0.45,0.06,0.2,4,0.3,0.7,4,60
3.0,56,56,56
3.25,47,47,47
3.5,63,63,63
3.75,56,55,56
4.0,50,48,50
4.25,50,0,50
4.5,62,0,62
4.75,52,0,50
5.0,56,0,49
5.25,53,0,35
5.5,63,0,31
5.75,45,0,4
6.0,60,0,1
6.25,53,0,1
6.5,59,0,0
6.75,52,0,0
7.0,54,0,0
7.25,50,0,0
7.5,56,0,0
7.75,52,0,0
8.0,59,0,0
*****
4,0.25,50,(2.75: 8),0.45,0.06,0.2,4,0,1,4,60
3.0,59,59,59
3.25,37,37,37
3.5,49,49,49
3.75,51,50,51
4.0,51,47,51
4.25,50,0,50
4.5,46,0,46
4.75,56,0,53
5.0,49,0,41
5.25,41,0,27
5.5,56,0,28
5.75,52,0,19
6.0,51,0,16
6.25,40,0,7
6.5,45,0,1
6.75,49,0,1
7.0,44,0,0
7.25,46,0,0
7.5,43,0,0
7.75,42,0,0
8.0,52,0,0
*****
4,0.25,50,(2.75: 8),0.45,0.06,0.2,4,0,0.4,4,60
3.0,55,55,52
3.25,56,56,48
3.5,52,52,27
3.75,50,50,16
4.0,62,62,14
4.25,51,0,3
4.5,54,0,1
4.75,59,0,2
5.0,43,0,0
5.25,52,0,0
5.5,55,0,0
5.75,44,0,0
6.0,61,0,0
6.25,71,0,0
6.5,56,0,0
6.75,45,0,0
7.0,57,0,0
7.25,47,0,0
7.5,50,0,0
7.75,52,0,0
8.0,49,0,0
