*****
4,0.25,50,(2.75: 8),0.6,0.07,0.1,4,0.6,1,4,60
3.0,24,24,24
3.25,56,56,56
3.5,48,48,48
3.75,32,26,32
4.0,44,19,43
4.25,50,0,50
4.5,32,0,31
4.75,37,0,33
5.0,60,0,51
5.25,32,0,24
5.5,47,0,20
5.75,41,0,14
6.0,50,0,17
6.25,33,0,5
6.5,48,0,4
6.75,39,0,2
7.0,44,0,1
7.25,43,0,0
7.5,39,0,0
7.75,41,0,0
8.0,44,0,0
*****
4,0.25,50,(2.75: 8),0.6,0.07,0.1,4,0.3,0.7,4,60
3.0,50,50,50
3.25,46,46,46
3.5,52,51,52
3.75,39,38,39
4.0,44,41,44
4.25,50,0,50
4.5,51,0,51
4.75,46,0,45
5.0,41,0,36
5.25,49,0,38
5.5,46,0,19
5.75,52,0,8
6.0,38,0,4
6.25,51,0,1
6.5,47,0,0
6.75,41,0,0
7.0,53,0,0
7.25,43,0,0
7.5,43,0,0
7.75,41,0,0
8.0,52,0,0
*****
4,0.25,50,(2.75: 8),0.6,0.07,0.1,4,0,1,4,60
3.0,57,57,57
3.25,37,37,37
3.5,46,46,46
3.75,57,54,57
4.0,53,49,53
4.25,50,0,50
4.5,53,0,53
4.75,49,0,49
5.0,39,0,35
5.25,57,0,47
5.5,53,0,37
5.75,40,0,14
6.0,40,0,8
6.25,61,0,3
6.5,54,0,0
6.75,52,0,0
7.0,45,0,0
7.25,52,0,0
7.5,49,0,0
7.75,56,0,0
8.0,50,0,0
*****
4,0.25,50,(2.75: 8),0.6,0.07,0.1,4,0,0.4,4,60
3.0,56,56,56
3.25,53,53,50
3.5,59,59,45
3.75,52,52,30
4.0,52,52,15
4.25,50,0,10
4.5,64,0,4
4.75,55,0,1
5.0,50,0,0
5.25,61,0,0
5.5,54,0,0
5.75,50,0,0
6.0,55,0,0
6.25,46,0,0
6.5,55,0,0
6.75,48,0,0
7.0,57,0,0
7.25,63,0,0
7.5,58,0,0
7.75,52,0,0
8.0,53,0,0
