*****
4,0.25,50,(2.75: 8),0.27,0.63,0.2,2,0.6,1,4,60
3.0,27,27,27
3.25,45,45,45
3.5,49,48,48
3.75,28,23,22
4.0,40,13,11
4.25,50,0,1
4.5,29,0,0
4.75,42,0,0
5.0,45,0,0
5.25,37,0,0
5.5,35,0,0
5.75,40,0,0
6.0,43,0,0
6.25,32,0,0
6.5,45,0,0
6.75,39,0,0
7.0,42,0,0
7.25,37,0,0
7.5,36,0,0
7.75,41,0,0
8.0,43,0,0
*****
4,0.25,50,(2.75: 8),0.27,0.63,0.2,2,0,1,4,60
3.0,58,58,58
3.25,57,57,57
3.5,55,55,55
3.75,50,50,50
4.0,46,38,36
4.25,50,0,28
4.5,49,0,10
4.75,54,0,0
5.0,54,0,0
5.25,46,0,0
5.5,56,0,0
5.75,54,0,0
6.0,60,0,0
6.25,52,0,0
6.5,44,0,0
6.75,61,0,0
7.0,44,0,0
7.25,50,0,0
7.5,46,0,0
7.75,53,0,0
8.0,48,0,0
*****
4,0.25,50,(2.75: 8),0.27,0.63,0.2,2,0.3,0.7,4,60
3.0,59,59,59
3.25,51,51,51
3.5,56,56,56
3.75,57,57,57
4.0,52,47,52
4.25,50,0,46
4.5,58,0,39
4.75,46,0,8
5.0,60,0,1
5.25,47,0,0
5.5,57,0,0
5.75,49,0,0
6.0,57,0,0
6.25,49,0,0
6.5,63,0,0
6.75,50,0,0
7.0,54,0,0
7.25,49,0,0
7.5,62,0,0
7.75,50,0,0
8.0,56,0,0
*****
4,0.25,50,(2.75: 8),0.27,0.63,0.2,2,0,0.4,4,60
3.0,55,55,53
3.25,58,58,40
3.5,50,50,29
3.75,58,58,22
4.0,68,68,11
4.25,50,0,2
4.5,59,0,0
4.75,61,0,0
5.0,49,0,0
5.25,47,0,0
5.5,54,0,0
5.75,58,0,0
6.0,59,0,0
6.25,54,0,0
6.5,61,0,0
6.75,53,0,0
7.0,46,0,0
7.25,63,0,0
7.5,52,0,0
7.75,52,0,0
8.0,63,0,0
