*****
4,0.25,50,(2.75: 8),0.6,0.07,0.2,4,0.6,1,4,60
3.0,31,31,31
3.25,55,55,55
3.5,41,41,41
3.75,29,25,29
4.0,49,16,47
4.25,50,0,45
4.5,36,0,31
4.75,42,0,32
5.0,43,0,30
5.25,39,0,19
5.5,45,0,21
5.75,41,0,14
6.0,39,0,7
6.25,44,0,7
6.5,36,0,6
6.75,43,0,2
7.0,40,0,0
7.25,46,0,0
7.5,42,0,0
7.75,35,0,0
8.0,45,0,0
*****
4,0.25,50,(2.75: 8),0.6,0.07,0.2,4,0.3,0.7,4,60
3.0,61,61,61
3.25,59,59,59
3.5,57,57,57
3.75,50,48,50
4.0,64,62,64
4.25,50,0,50
4.5,64,0,62
4.75,61,0,56
5.0,53,0,45
5.25,67,0,42
5.5,55,0,20
5.75,62,0,6
6.0,60,0,2
6.25,54,0,0
6.5,65,0,0
6.75,57,0,0
7.0,56,0,0
7.25,63,0,0
7.5,54,0,0
7.75,61,0,0
8.0,51,0,0
*****
4,0.25,50,(2.75: 8),0.6,0.07,0.2,4,0,1,4,60
3.0,60,60,60
3.25,38,38,38
3.5,51,51,51
3.75,58,55,58
4.0,59,54,59
4.25,50,0,49
4.5,65,0,63
4.75,61,0,51
5.0,55,0,49
5.25,59,0,48
5.5,52,0,24
5.75,45,0,14
6.0,49,0,16
6.25,66,0,3
6.5,50,0,0
6.75,63,0,0
7.0,62,0,0
7.25,51,0,0
7.5,59,0,0
7.75,53,0,0
8.0,60,0,0
*****
4,0.25,50,(2.75: 8),0.6,0.07,0.2,4,0,0.4,4,60
3.0,50,50,49
3.25,50,50,49
3.5,46,46,38
3.75,53,53,31
4.0,43,43,16
4.25,50,0,13
4.5,47,0,2
4.75,44,0,1
5.0,50,0,1
5.25,50,0,0
5.5,43,0,0
5.75,52,0,0
6.0,52,0,0
6.25,54,0,0
6.5,50,0,0
6.75,56,0,0
7.0,51,0,0
7.25,48,0,0
7.5,37,0,0
7.75,47,0,0
8.0,51,0,0
