*****
4,0.25,50,(2.75: 8),0.45,0.06,0.1,4,0.6,1,4,60
3.0,45,45,45
3.25,64,64,64
3.5,48,48,48
3.75,45,40,45
4.0,75,25,74
4.25,50,0,46
4.5,55,0,49
4.75,48,0,38
5.0,59,0,43
5.25,59,0,43
5.5,53,0,20
5.75,63,0,29
6.0,53,0,14
6.25,51,0,8
6.5,64,0,8
6.75,53,0,2
7.0,55,0,1
7.25,59,0,0
7.5,48,0,1
7.75,55,0,0
8.0,64,0,0
*****
4,0.25,50,(2.75: 8),0.45,0.06,0.1,4,0.3,0.7,4,60
3.0,43,43,43
3.25,49,49,49
3.5,45,45,45
3.75,48,47,48
4.0,46,42,46
4.25,50,0,50
4.5,48,0,48
4.75,45,0,45
5.0,41,0,39
5.25,60,0,42
5.5,39,0,15
5.75,49,0,13
6.0,49,0,5
6.25,49,0,3
6.5,49,0,0
6.75,43,0,1
7.0,51,0,0
7.25,42,0,0
7.5,56,0,0
7.75,38,0,0
8.0,60,0,0
*****
4,0.25,50,(2.75: 8),0.45,0.06,0.1,4,0,1,4,60
3.0,44,44,44
3.25,44,44,44
3.5,46,46,46
3.75,44,44,44
4.0,52,45,52
4.25,50,0,50
4.5,44,0,44
4.75,36,0,35
5.0,55,0,48
5.25,41,0,33
5.5,42,0,28
5.75,41,0,19
6.0,52,0,11
6.25,44,0,4
6.5,42,0,1
6.75,49,0,0
7.0,47,0,0
7.25,41,0,0
7.5,45,0,0
7.75,47,0,0
8.0,50,0,0
*****
4,0.25,50,(2.75: 8),0.45,0.06,0.1,4,0,0.4,4,60
3.0,48,48,45
3.25,52,52,49
3.5,47,47,42
3.75,47,47,25
4.0,45,45,22
4.25,51,0,9
4.5,49,0,5
4.75,54,0,3
5.0,52,0,0
5.25,52,0,0
5.5,58,0,0
5.75,47,0,0
6.0,43,0,0
6.25,52,0,0
6.5,53,0,0
6.75,39,0,0
7.0,54,0,0
7.25,58,0,0
7.5,49,0,0
7.75,51,0,0
8.0,50,0,0
