*****
4,0.25,50,(2.75: 8),0.45,0.12,0.1,4,0.6,1,4,60
3.0,24,24,24
3.25,53,53,53
3.5,48,48,48
3.75,34,26,33
4.0,38,11,35
4.25,50,0,48
4.5,34,0,27
4.75,39,0,29
5.0,44,0,32
5.25,39,0,27
5.5,36,0,16
5.75,47,0,22
6.0,41,0,13
6.25,39,0,9
6.5,43,0,3
6.75,40,0,3
7.0,45,0,3
7.25,41,0,0
7.5,36,0,0
7.75,46,0,0
8.0,44,0,0
*****
4,0.25,50,(2.75: 8),0.45,0.12,0.1,4,0.3,0.7,4,60
3.0,53,53,53
3.25,55,55,55
3.5,57,57,57
3.75,44,43,44
4.0,64,61,64
4.25,50,0,50
4.5,53,0,53
4.75,48,0,47
5.0,51,0,48
5.25,62,0,48
5.5,49,0,26
5.75,65,0,14
6.0,50,0,4
6.25,48,0,1
6.5,58,0,0
6.75,57,0,0
7.0,55,0,0
7.25,43,0,0
7.5,52,0,0
7.75,54,0,0
8.0,56,0,0
*****
4,0.25,50,(2.75: 8),0.45,0.12,0.1,4,0,1,4,60
3.0,68,68,68
3.25,56,56,56
3.5,61,61,61
3.75,74,71,74
4.0,66,56,64
4.25,51,0,50
4.5,73,0,73
4.75,67,0,62
5.0,53,0,46
5.25,73,0,55
5.5,69,0,45
5.75,58,0,19
6.0,53,0,8
6.25,81,0,6
6.5,65,0,2
6.75,49,0,0
7.0,57,0,0
7.25,80,0,0
7.5,65,0,0
7.75,65,0,0
8.0,62,0,0
*****
4,0.25,50,(2.75: 8),0.45,0.12,0.1,4,0,0.4,4,60
3.0,44,44,38
3.25,43,43,37
3.5,47,47,36
3.75,37,37,20
4.0,39,39,15
4.25,50,0,13
4.5,46,0,5
4.75,44,0,1
5.0,45,0,0
5.25,47,0,0
5.5,51,0,0
5.75,44,0,0
6.0,44,0,0
6.25,44,0,0
6.5,54,0,0
6.75,40,0,0
7.0,44,0,0
7.25,51,0,0
7.5,39,0,0
7.75,42,0,0
8.0,43,0,0
