*****
4,0.25,50,(2.75: 8),0.4,0.8,0.1,2,0.6,1,4,60
3.0,20,20,20
3.25,64,64,64
3.5,42,42,41
3.75,30,25,18
4.0,52,21,8
4.25,50,0,0
4.5,26,0,0
4.75,47,0,0
5.0,49,0,0
5.25,40,0,0
5.5,40,0,0
5.75,52,0,0
6.0,39,0,0
6.25,39,0,0
6.5,44,0,0
6.75,46,0,0
7.0,41,0,0
7.25,44,0,0
7.5,39,0,0
7.75,47,0,0
8.0,41,0,0
*****
4,0.25,50,(2.75: 8),0.4,0.8,0.1,2,0.3,0.7,4,60
3.0,42,42,42
3.25,50,50,50
3.5,54,53,54
3.75,48,47,48
4.0,44,40,42
4.25,50,0,45
4.5,52,0,17
4.75,47,0,1
5.0,44,0,0
5.25,46,0,0
5.5,47,0,0
5.75,56,0,0
6.0,45,0,0
6.25,43,0,0
6.5,50,0,0
6.75,45,0,0
7.0,42,0,0
7.25,60,0,0
7.5,37,0,0
7.75,51,0,0
8.0,50,0,0
*****
4,0.25,50,(2.75: 8),0.4,0.8,0.1,2,0,1,4,60
3.0,51,51,51
3.25,53,53,53
3.5,47,47,47
3.75,51,48,50
4.0,54,47,52
4.25,51,0,21
4.5,43,0,4
4.75,56,0,0
5.0,57,0,0
5.25,64,0,0
5.5,45,0,0
5.75,64,0,0
6.0,51,0,0
6.25,59,0,0
6.5,50,0,0
6.75,53,0,0
7.0,48,0,0
7.25,56,0,0
7.5,52,0,0
7.75,46,0,0
8.0,57,0,0
*****
4,0.25,50,(2.75: 8),0.4,0.8,0.1,2,0,0.4,4,60
3.0,43,43,40
3.25,49,49,39
3.5,51,51,31
3.75,46,46,18
4.0,52,52,9
4.25,51,0,3
4.5,42,0,0
4.75,50,0,0
5.0,44,0,0
5.25,52,0,0
5.5,55,0,0
5.75,51,0,0
6.0,44,0,0
6.25,48,0,0
6.5,55,0,0
6.75,45,0,0
7.0,43,0,0
7.25,41,0,0
7.5,58,0,0
7.75,38,0,0
8.0,47,0,0
