*****
4,0.25,50,(2.75: 8),0.45,0.12,0.2,4,0.6,1,4,60
3.0,25,25,25
3.25,51,51,51
3.5,31,31,31
3.75,40,38,39
4.0,34,19,32
4.25,50,0,48
4.5,28,0,18
4.75,41,0,26
5.0,44,0,30
5.25,38,0,20
5.5,31,0,6
5.75,41,0,11
6.0,37,0,10
6.25,36,0,4
6.5,45,0,3
6.75,34,0,1
7.0,33,0,0
7.25,42,0,0
7.5,37,0,0
7.75,35,0,0
8.0,41,0,0
*****
4,0.25,50,(2.75: 8),0.45,0.12,0.2,4,0.3,0.7,4,60
3.0,48,48,48
3.25,47,47,47
3.5,50,50,50
3.75,39,39,39
4.0,49,48,49
4.25,50,0,50
4.5,44,0,44
4.75,46,0,45
5.0,46,0,37
5.25,44,0,34
5.5,44,0,20
5.75,48,0,10
6.0,39,0,2
6.25,44,0,0
6.5,49,0,0
6.75,51,0,0
7.0,38,0,0
7.25,53,0,0
7.5,44,0,0
7.75,50,0,0
8.0,44,0,0
*****
4,0.25,50,(2.75: 8),0.45,0.12,0.2,4,0,1,4,60
3.0,48,48,48
3.25,58,58,58
3.5,62,62,62
3.75,47,46,47
4.0,54,49,54
4.25,50,0,50
4.5,54,0,53
4.75,42,0,41
5.0,56,0,47
5.25,58,0,38
5.5,58,0,34
5.75,60,0,20
6.0,45,0,6
6.25,52,0,3
6.5,71,0,0
6.75,39,0,0
7.0,40,0,0
7.25,59,0,0
7.5,45,0,0
7.75,53,0,0
8.0,53,0,0
*****
4,0.25,50,(2.75: 8),0.45,0.12,0.2,4,0,0.4,4,60
3.0,54,54,53
3.25,59,59,50
3.5,48,48,32
3.75,55,55,30
4.0,51,51,17
4.25,50,0,7
4.5,46,0,3
4.75,58,0,3
5.0,53,0,0
5.25,54,0,0
5.5,46,0,0
5.75,54,0,0
6.0,58,0,0
6.25,45,0,0
6.5,47,0,0
6.75,48,0,0
7.0,55,0,0
7.25,51,0,0
7.5,47,0,0
7.75,58,0,0
8.0,44,0,0
