*****
4,0.25,50,(2.75: 8),0.45,0.12,0.0,4,0.6,1,4,60
3.0,30,30,30
3.25,65,65,65
3.5,47,47,47
3.75,37,31,37
4.0,58,20,58
4.25,50,0,50
4.5,42,0,39
4.75,51,0,46
5.0,59,0,49
5.25,43,0,23
5.5,41,0,22
5.75,57,0,27
6.0,48,0,18
6.25,43,0,6
6.5,51,0,10
6.75,56,0,6
7.0,40,0,4
7.25,54,0,0
7.5,55,0,0
7.75,36,0,0
8.0,58,0,0
*****
4,0.25,50,(2.75: 8),0.45,0.12,0.0,4,0.3,0.7,4,60
3.0,49,49,49
3.25,44,44,44
3.5,47,47,47
3.75,48,48,48
4.0,47,43,47
4.25,50,0,50
4.5,44,0,44
4.75,48,0,48
5.0,56,0,53
5.25,46,0,37
5.5,50,0,26
5.75,46,0,8
6.0,45,0,4
6.25,49,0,0
6.5,53,0,1
6.75,48,0,0
7.0,50,0,0
7.25,43,0,0
7.5,48,0,0
7.75,48,0,0
8.0,56,0,0
*****
4,0.25,50,(2.75: 8),0.45,0.12,0.0,4,0,1,4,60
3.0,55,55,55
3.25,55,55,55
3.5,55,55,55
3.75,60,58,60
4.0,59,55,59
4.25,50,0,50
4.5,58,0,58
4.75,59,0,59
5.0,41,0,40
5.25,64,0,57
5.5,55,0,36
5.75,53,0,23
6.0,44,0,8
6.25,71,0,10
6.5,62,0,0
6.75,39,0,0
7.0,55,0,0
7.25,65,0,0
7.5,53,0,0
7.75,48,0,0
8.0,55,0,0
*****
4,0.25,50,(2.75: 8),0.45,0.12,0.0,4,0,0.4,4,60
3.0,50,50,47
3.25,41,41,37
3.5,58,58,49
3.75,55,55,34
4.0,56,56,25
4.25,50,0,9
4.5,48,0,1
4.75,51,0,0
5.0,61,0,0
5.25,63,0,0
5.5,47,0,0
5.75,66,0,0
6.0,48,0,0
6.25,59,0,0
6.5,54,0,0
6.75,57,0,0
7.0,48,0,0
7.25,60,0,0
7.5,54,0,0
7.75,52,0,0
8.0,58,0,0
