*****
8,0.25,50,(5.75: 16),0.4,0.8,0.1,2,0.6,1,4,60
6.0,43,43,43
6.25,48,48,48
6.5,56,56,56
6.75,55,55,54
7.0,47,46,44
7.25,43,39,26
7.5,58,49,18
7.75,53,34,9
8.0,44,9,1
8.25,50,0,0
8.5,61,0,0
8.75,42,0,0
9.0,51,0,0
9.25,62,0,0
9.5,42,0,0
9.75,55,0,0
10.0,50,0,0
10.25,45,0,0
10.5,55,0,0
10.75,52,0,0
11.0,41,0,0
11.25,57,0,0
11.5,54,0,0
11.75,41,0,0
12.0,50,0,0
12.25,64,0,0
12.5,48,0,0
12.75,49,0,0
13.0,50,0,0
13.25,53,0,0
13.5,46,0,0
13.75,63,0,0
14.0,49,0,0
14.25,47,0,0
14.5,51,0,0
14.75,56,0,0
15.0,51,0,0
15.25,48,0,0
15.5,53,0,0
15.75,48,0,0
16.0,52,0,0
*****
8,0.25,50,(5.75: 16),0.4,0.8,0.1,2,0,1,4,60
6.0,40,40,36
6.25,51,51,38
6.5,34,34,16
6.75,45,45,25
7.0,46,46,15
7.25,43,43,16
7.5,45,45,13
7.75,41,40,3
8.0,41,35,0
8.25,50,0,0
8.5,36,0,0
8.75,48,0,0
9.0,55,0,0
9.25,31,0,0
9.5,36,0,0
9.75,40,0,0
10.0,41,0,0
10.25,46,0,0
10.5,48,0,0
10.75,44,0,0
11.0,43,0,0
11.25,42,0,0
11.5,51,0,0
11.75,40,0,0
12.0,52,0,0
12.25,35,0,0
12.5,52,0,0
12.75,40,0,0
13.0,36,0,0
13.25,52,0,0
13.5,48,0,0
13.75,40,0,0
14.0,43,0,0
14.25,43,0,0
14.5,47,0,0
14.75,43,0,0
15.0,43,0,0
15.25,45,0,0
15.5,46,0,0
15.75,41,0,0
16.0,33,0,0
*****
8,0.25,50,(5.75: 16),0.4,0.8,0.1,2,0.3,0.7,4,60
6.0,55,55,50
6.25,45,45,37
6.5,54,54,39
6.75,50,50,25
7.0,59,59,26
7.25,50,50,7
7.5,53,52,9
7.75,46,46,2
8.0,58,57,3
8.25,50,0,0
8.5,53,0,0
8.75,57,0,0
9.0,45,0,0
9.25,64,0,0
9.5,44,0,0
9.75,55,0,0
10.0,50,0,0
10.25,52,0,0
10.5,58,0,0
10.75,50,0,0
11.0,60,0,0
11.25,45,0,0
11.5,56,0,0
11.75,51,0,0
12.0,56,0,0
12.25,43,0,0
12.5,62,0,0
12.75,46,0,0
13.0,49,0,0
13.25,48,0,0
13.5,55,0,0
13.75,53,0,0
14.0,49,0,0
14.25,53,0,0
14.5,64,0,0
14.75,51,0,0
15.0,53,0,0
15.25,50,0,0
15.5,55,0,0
15.75,48,0,0
16.0,55,0,0
*****
8,0.25,50,(5.75: 16),0.4,0.8,0.1,2,0,0.4,4,60
6.0,50,50,0
6.25,48,48,0
6.5,54,54,0
6.75,49,49,0
7.0,55,55,0
7.25,56,56,0
7.5,60,60,0
7.75,52,52,0
8.0,48,48,0
8.25,50,0,0
8.5,56,0,0
8.75,45,0,0
9.0,51,0,0
9.25,54,0,0
9.5,52,0,0
9.75,51,0,0
10.0,46,0,0
10.25,48,0,0
10.5,47,0,0
10.75,51,0,0
11.0,52,0,0
11.25,53,0,0
11.5,59,0,0
11.75,46,0,0
12.0,53,0,0
12.25,58,0,0
12.5,51,0,0
12.75,51,0,0
13.0,49,0,0
13.25,50,0,0
13.5,57,0,0
13.75,41,0,0
14.0,62,0,0
14.25,45,0,0
14.5,58,0,0
14.75,51,0,0
15.0,55,0,0
15.25,52,0,0
15.5,50,0,0
15.75,55,0,0
16.0,51,0,0
