*****
8,0.25,50,(5.75: 16),0.45,0.12,0.1,4,0,1,4,60
6.0,36,36,26
6.25,34,34,27
6.5,51,51,34
6.75,35,35,20
7.0,42,42,18
7.25,39,39,16
7.5,48,48,16
7.75,41,41,12
8.0,30,28,4
8.25,50,0,7
8.5,39,0,4
8.75,46,0,3
9.0,39,0,3
9.25,39,0,1
9.5,43,0,1
9.75,39,0,0
10.0,40,0,0
10.25,40,0,0
10.5,53,0,0
10.75,36,0,0
11.0,46,0,0
11.25,46,0,0
11.5,36,0,0
11.75,43,0,0
12.0,44,0,0
12.25,48,0,0
12.5,37,0,0
12.75,48,0,0
13.0,35,0,0
13.25,44,0,0
13.5,38,0,0
13.75,44,0,0
14.0,40,0,0
14.25,38,0,0
14.5,33,0,0
14.75,45,0,0
15.0,37,0,0
15.25,42,0,0
15.5,56,0,0
15.75,44,0,0
16.0,51,0,0
*****
8,0.25,50,(5.75: 16),0.45,0.12,0.1,4,0.3,0.7,4,60
6.0,58,58,42
6.25,48,48,32
6.5,52,52,27
6.75,48,48,25
7.0,49,49,18
7.25,58,58,17
7.5,47,47,10
7.75,60,59,8
8.0,50,48,5
8.25,50,0,2
8.5,51,0,0
8.75,51,0,1
9.0,45,0,0
9.25,55,0,0
9.5,44,0,0
9.75,59,0,0
10.0,46,0,0
10.25,56,0,0
10.5,47,0,0
10.75,57,0,0
11.0,49,0,0
11.25,53,0,0
11.5,51,0,0
11.75,54,0,0
12.0,43,0,0
12.25,58,0,0
12.5,48,0,0
12.75,58,0,0
13.0,49,0,0
13.25,50,0,0
13.5,48,0,0
13.75,55,0,0
14.0,52,0,0
14.25,50,0,0
14.5,44,0,0
14.75,57,0,0
15.0,48,0,0
15.25,50,0,0
15.5,52,0,0
15.75,47,0,0
16.0,59,0,0
*****
8,0.25,50,(5.75: 16),0.45,0.12,0.1,4,0.6,1,4,60
6.0,68,68,68
6.25,45,45,45
6.5,64,64,64
6.75,64,64,64
7.0,58,55,57
7.25,62,57,62
7.5,50,38,50
7.75,61,32,58
8.0,68,7,65
8.25,50,0,48
8.5,53,0,43
8.75,64,0,53
9.0,62,0,44
9.25,60,0,41
9.5,49,0,28
9.75,63,0,35
10.0,61,0,26
10.25,61,0,20
10.5,53,0,12
10.75,64,0,14
11.0,62,0,10
11.25,52,0,5
11.5,61,0,2
11.75,53,0,2
12.0,55,0,1
12.25,66,0,2
12.5,54,0,0
12.75,59,0,0
13.0,61,0,0
13.25,55,0,0
13.5,65,0,0
13.75,49,0,0
14.0,59,0,0
14.25,66,0,0
14.5,52,0,0
14.75,56,0,0
15.0,58,0,0
15.25,58,0,0
15.5,61,0,0
15.75,65,0,0
16.0,60,0,0
*****
8,0.25,50,(5.75: 16),0.45,0.12,0.1,4,0,0.4,4,60
6.0,56,56,2
6.25,50,50,2
6.5,58,58,0
6.75,41,41,0
7.0,51,51,0
7.25,47,47,0
7.5,50,50,0
7.75,48,48,0
8.0,58,58,0
8.25,50,0,0
8.5,53,0,0
8.75,50,0,0
9.0,50,0,0
9.25,49,0,0
9.5,46,0,0
9.75,54,0,0
10.0,53,0,0
10.25,52,0,0
10.5,50,0,0
10.75,42,0,0
11.0,52,0,0
11.25,45,0,0
11.5,47,0,0
11.75,55,0,0
12.0,42,0,0
12.25,54,0,0
12.5,40,0,0
12.75,54,0,0
13.0,51,0,0
13.25,49,0,0
13.5,48,0,0
13.75,51,0,0
14.0,41,0,0
14.25,50,0,0
14.5,48,0,0
14.75,50,0,0
15.0,58,0,0
15.25,45,0,0
15.5,51,0,0
15.75,51,0,0
16.0,42,0,0
