*****
8,0.25,50,(5.75: 16),0.1,0.8,0.0,2,0.6,1,4,60
6.0,44,44,44
6.25,37,37,37
6.5,42,42,42
6.75,48,48,48
7.0,33,32,32
7.25,45,42,43
7.5,48,36,41
7.75,38,14,21
8.0,39,7,14
8.25,50,0,9
8.5,36,0,6
8.75,41,0,4
9.0,46,0,0
9.25,46,0,1
9.5,39,0,1
9.75,33,0,0
10.0,52,0,0
10.25,37,0,0
10.5,38,0,0
10.75,49,0,0
11.0,48,0,0
11.25,27,0,0
11.5,44,0,0
11.75,56,0,0
12.0,30,0,0
12.25,43,0,0
12.5,46,0,0
12.75,36,0,0
13.0,40,0,0
13.25,46,0,0
13.5,38,0,0
13.75,37,0,0
14.0,49,0,0
14.25,44,0,0
14.5,37,0,0
14.75,44,0,0
15.0,43,0,0
15.25,36,0,0
15.5,41,0,0
15.75,47,0,0
16.0,37,0,0
*****
8,0.25,50,(5.75: 16),0.1,0.8,0.0,2,0.3,0.7,4,60
6.0,58,57,36
6.25,51,51,25
6.5,52,52,24
6.75,52,51,12
7.0,43,42,6
7.25,59,58,8
7.5,53,52,1
7.75,50,49,2
8.0,58,55,0
8.25,50,0,0
8.5,53,0,1
8.75,53,0,0
9.0,49,0,0
9.25,63,0,0
9.5,43,0,0
9.75,52,0,0
10.0,48,0,0
10.25,59,0,0
10.5,54,0,0
10.75,44,0,0
11.0,54,0,0
11.25,53,0,0
11.5,56,0,0
11.75,47,0,0
12.0,60,0,0
12.25,46,0,0
12.5,56,0,0
12.75,52,0,0
13.0,50,0,0
13.25,56,0,0
13.5,53,0,0
13.75,49,0,0
14.0,56,0,0
14.25,53,0,0
14.5,47,0,0
14.75,52,0,0
15.0,48,0,0
15.25,53,0,0
15.5,60,0,0
15.75,48,0,0
16.0,49,0,0
*****
8,0.25,50,(5.75: 16),0.1,0.8,0.0,2,0,1,4,60
6.0,46,46,34
6.25,61,61,48
6.5,48,48,28
6.75,52,52,20
7.0,55,55,21
7.25,65,65,16
7.5,47,47,8
7.75,48,46,8
8.0,69,60,5
8.25,50,0,1
8.5,46,0,1
8.75,51,0,0
9.0,60,0,0
9.25,49,0,0
9.5,53,0,0
9.75,50,0,0
10.0,52,0,0
10.25,64,0,0
10.5,50,0,0
10.75,45,0,0
11.0,50,0,0
11.25,68,0,0
11.5,50,0,0
11.75,51,0,0
12.0,47,0,0
12.25,60,0,0
12.5,54,0,0
12.75,47,0,0
13.0,62,0,0
13.25,48,0,0
13.5,55,0,0
13.75,50,0,0
14.0,56,0,0
14.25,50,0,0
14.5,57,0,0
14.75,60,0,0
15.0,45,0,0
15.25,54,0,0
15.5,60,0,0
15.75,43,0,0
16.0,57,0,0
*****
8,0.25,50,(5.75: 16),0.1,0.8,0.0,2,0,0.4,4,60
6.0,55,55,0
6.25,46,46,0
6.5,52,52,0
6.75,51,51,0
7.0,44,44,0
7.25,55,55,0
7.5,50,50,0
7.75,60,60,0
8.0,58,58,0
8.25,50,0,0
8.5,46,0,0
8.75,41,0,0
9.0,62,0,0
9.25,59,0,0
9.5,54,0,0
9.75,47,0,0
10.0,54,0,0
10.25,47,0,0
10.5,64,0,0
10.75,47,0,0
11.0,57,0,0
11.25,46,0,0
11.5,50,0,0
11.75,54,0,0
12.0,52,0,0
12.25,46,0,0
12.5,54,0,0
12.75,49,0,0
13.0,53,0,0
13.25,58,0,0
13.5,56,0,0
13.75,60,0,0
14.0,60,0,0
14.25,55,0,0
14.5,47,0,0
14.75,57,0,0
15.0,50,0,0
15.25,51,0,0
15.5,47,0,0
15.75,54,0,0
16.0,51,0,0
