*****
8,0.25,50,(5.75: 16),0.1,0.8,0.2,2,0.6,1,4,60
6.0,54,54,54
6.25,45,45,45
6.5,52,52,52
6.75,51,51,51
7.0,53,50,52
7.25,47,42,42
7.5,46,39,38
7.75,58,29,35
8.0,48,9,25
8.25,50,0,13
8.5,53,0,11
8.75,52,0,3
9.0,48,0,2
9.25,47,0,0
9.5,59,0,0
9.75,45,0,0
10.0,48,0,1
10.25,46,0,0
10.5,56,0,0
10.75,48,0,0
11.0,54,0,0
11.25,49,0,0
11.5,53,0,0
11.75,54,0,0
12.0,50,0,0
12.25,46,0,0
12.5,50,0,0
12.75,58,0,0
13.0,51,0,0
13.25,51,0,0
13.5,43,0,0
13.75,54,0,0
14.0,56,0,0
14.25,46,0,0
14.5,44,0,0
14.75,55,0,0
15.0,55,0,0
15.25,50,0,0
15.5,40,0,0
15.75,61,0,0
16.0,48,0,0
*****
8,0.25,50,(5.75: 16),0.1,0.8,0.2,2,0,1,4,60
6.0,49,49,44
6.25,47,47,39
6.5,52,52,41
6.75,36,36,24
7.0,42,42,23
7.25,49,49,27
7.5,33,33,12
7.75,40,40,12
8.0,43,41,6
8.25,50,0,5
8.5,52,0,8
8.75,42,0,1
9.0,41,0,0
9.25,45,0,0
9.5,49,0,0
9.75,34,0,0
10.0,54,0,0
10.25,41,0,0
10.5,40,0,0
10.75,45,0,0
11.0,39,0,0
11.25,47,0,0
11.5,49,0,0
11.75,47,0,0
12.0,46,0,0
12.25,42,0,0
12.5,39,0,0
12.75,47,0,0
13.0,36,0,0
13.25,42,0,0
13.5,49,0,0
13.75,43,0,0
14.0,34,0,0
14.25,51,0,0
14.5,42,0,0
14.75,50,0,0
15.0,36,0,0
15.25,58,0,0
15.5,52,0,0
15.75,45,0,0
16.0,48,0,0
*****
8,0.25,50,(5.75: 16),0.1,0.8,0.2,2,0.3,0.7,4,60
6.0,57,57,54
6.25,45,45,36
6.5,54,54,40
6.75,55,55,39
7.0,59,59,31
7.25,53,53,28
7.5,55,55,16
7.75,52,52,11
8.0,47,45,8
8.25,50,0,2
8.5,61,0,3
8.75,59,0,1
9.0,43,0,0
9.25,60,0,0
9.5,46,0,0
9.75,64,0,0
10.0,48,0,0
10.25,47,0,0
10.5,56,0,0
10.75,56,0,0
11.0,55,0,0
11.25,54,0,0
11.5,47,0,0
11.75,59,0,0
12.0,58,0,0
12.25,47,0,0
12.5,53,0,0
12.75,65,0,0
13.0,46,0,0
13.25,62,0,0
13.5,47,0,0
13.75,55,0,0
14.0,54,0,0
14.25,48,0,0
14.5,61,0,0
14.75,48,0,0
15.0,64,0,0
15.25,44,0,0
15.5,63,0,0
15.75,44,0,0
16.0,60,0,0
*****
8,0.25,50,(5.75: 16),0.1,0.8,0.2,2,0,0.4,4,60
6.0,54,54,0
6.25,57,57,0
6.5,64,64,0
6.75,46,46,0
7.0,70,70,0
7.25,57,57,0
7.5,58,58,0
7.75,58,58,0
8.0,59,59,0
8.25,50,0,0
8.5,57,0,0
8.75,62,0,0
9.0,76,0,0
9.25,41,0,0
9.5,54,0,0
9.75,61,0,0
10.0,76,0,0
10.25,50,0,0
10.5,63,0,0
10.75,54,0,0
11.0,60,0,0
11.25,51,0,0
11.5,65,0,0
11.75,61,0,0
12.0,53,0,0
12.25,64,0,0
12.5,53,0,0
12.75,66,0,0
13.0,65,0,0
13.25,54,0,0
13.5,56,0,0
13.75,51,0,0
14.0,60,0,0
14.25,48,0,0
14.5,54,0,0
14.75,61,0,0
15.0,60,0,0
15.25,52,0,0
15.5,49,0,0
15.75,53,0,0
16.0,59,0,0
