*****
8,0.25,50,(5.75: 16),0.45,0.12,0.0,4,0.3,0.7,4,60
6.0,48,48,37
6.25,54,54,38
6.5,46,46,20
6.75,55,55,22
7.0,45,45,15
7.25,51,51,11
7.5,57,57,11
7.75,44,44,4
8.0,48,46,1
8.25,50,0,2
8.5,54,0,0
8.75,52,0,0
9.0,48,0,0
9.25,49,0,0
9.5,45,0,0
9.75,51,0,0
10.0,47,0,0
10.25,45,0,0
10.5,57,0,0
10.75,43,0,0
11.0,49,0,0
11.25,49,0,0
11.5,49,0,0
11.75,48,0,0
12.0,50,0,0
12.25,43,0,0
12.5,51,0,0
12.75,60,0,0
13.0,44,0,0
13.25,51,0,0
13.5,45,0,0
13.75,51,0,0
14.0,55,0,0
14.25,42,0,0
14.5,55,0,0
14.75,52,0,0
15.0,48,0,0
15.25,55,0,0
15.5,46,0,0
15.75,56,0,0
16.0,39,0,0
*****
8,0.25,50,(5.75: 16),0.45,0.12,0.0,4,0.6,1,4,60
6.0,43,43,43
6.25,58,58,58
6.5,37,37,37
6.75,46,46,46
7.0,55,55,55
7.25,43,39,43
7.5,46,34,46
7.75,43,25,42
8.0,57,10,53
8.25,50,0,41
8.5,36,0,27
8.75,55,0,39
9.0,49,0,31
9.25,39,0,22
9.5,52,0,19
9.75,50,0,22
10.0,46,0,12
10.25,43,0,13
10.5,48,0,12
10.75,51,0,10
11.0,41,0,6
11.25,47,0,5
11.5,48,0,3
11.75,46,0,1
12.0,50,0,1
12.25,44,0,1
12.5,46,0,0
12.75,48,0,0
13.0,54,0,0
13.25,42,0,0
13.5,42,0,0
13.75,52,0,0
14.0,50,0,0
14.25,49,0,0
14.5,37,0,0
14.75,52,0,0
15.0,57,0,0
15.25,39,0,0
15.5,41,0,0
15.75,52,0,0
16.0,48,0,0
*****
8,0.25,50,(5.75: 16),0.45,0.12,0.0,4,0,1,4,60
6.0,53,53,42
6.25,61,61,50
6.5,50,50,38
6.75,61,61,31
7.0,55,55,24
7.25,61,60,22
7.5,49,49,21
7.75,61,59,16
8.0,49,43,5
8.25,50,0,12
8.5,66,0,4
8.75,55,0,4
9.0,65,0,5
9.25,50,0,3
9.5,67,0,1
9.75,60,0,0
10.0,53,0,0
10.25,62,0,0
10.5,56,0,0
10.75,62,0,0
11.0,59,0,0
11.25,61,0,0
11.5,56,0,0
11.75,53,0,0
12.0,62,0,0
12.25,64,0,0
12.5,62,0,0
12.75,58,0,0
13.0,58,0,0
13.25,59,0,0
13.5,54,0,0
13.75,52,0,0
14.0,60,0,0
14.25,54,0,0
14.5,60,0,0
14.75,67,0,0
15.0,51,0,0
15.25,62,0,0
15.5,52,0,0
15.75,50,0,0
16.0,51,0,0
*****
8,0.25,50,(5.75: 16),0.45,0.12,0.0,4,0,0.4,4,60
6.0,50,50,0
6.25,58,58,0
6.5,64,64,0
6.75,51,51,0
7.0,52,52,0
7.25,55,55,0
7.5,46,46,0
7.75,67,67,0
8.0,57,57,0
8.25,50,0,0
8.5,55,0,0
8.75,59,0,0
9.0,60,0,0
9.25,55,0,0
9.5,60,0,0
9.75,57,0,0
10.0,59,0,0
10.25,48,0,0
10.5,70,0,0
10.75,57,0,0
11.0,49,0,0
11.25,59,0,0
11.5,51,0,0
11.75,61,0,0
12.0,61,0,0
12.25,65,0,0
12.5,61,0,0
12.75,58,0,0
13.0,54,0,0
13.25,66,0,0
13.5,55,0,0
13.75,67,0,0
14.0,53,0,0
14.25,58,0,0
14.5,63,0,0
14.75,59,0,0
15.0,74,0,0
15.25,61,0,0
15.5,53,0,0
15.75,60,0,0
16.0,54,0,0
