*****
8,0.25,50,(5.75: 16),0.4,0.8,0.0,2,0.6,1,4,60
6.0,62,62,62
6.25,41,41,41
6.5,47,47,47
6.75,60,59,60
7.0,50,49,46
7.25,46,44,35
7.5,56,41,27
7.75,46,21,6
8.0,46,12,4
8.25,50,0,1
8.5,57,0,0
8.75,50,0,0
9.0,42,0,0
9.25,51,0,0
9.5,56,0,0
9.75,41,0,0
10.0,60,0,0
10.25,55,0,0
10.5,40,0,0
10.75,53,0,0
11.0,59,0,0
11.25,37,0,0
11.5,53,0,0
11.75,54,0,0
12.0,52,0,0
12.25,46,0,0
12.5,52,0,0
12.75,53,0,0
13.0,41,0,0
13.25,59,0,0
13.5,47,0,0
13.75,46,0,0
14.0,52,0,0
14.25,55,0,0
14.5,46,0,0
14.75,53,0,0
15.0,49,0,0
15.25,53,0,0
15.5,50,0,0
15.75,47,0,0
16.0,51,0,0
*****
8,0.25,50,(5.75: 16),0.4,0.8,0.0,2,0.3,0.7,4,60
6.0,53,53,53
6.25,41,41,39
6.5,47,47,42
6.75,49,49,41
7.0,46,46,31
7.25,46,46,30
7.5,45,45,11
7.75,48,48,11
8.0,42,41,5
8.25,50,0,3
8.5,53,0,0
8.75,40,0,0
9.0,53,0,0
9.25,45,0,0
9.5,41,0,0
9.75,54,0,0
10.0,43,0,0
10.25,45,0,0
10.5,48,0,0
10.75,46,0,0
11.0,50,0,0
11.25,38,0,0
11.5,57,0,0
11.75,44,0,0
12.0,43,0,0
12.25,50,0,0
12.5,43,0,0
12.75,49,0,0
13.0,47,0,0
13.25,50,0,0
13.5,49,0,0
13.75,46,0,0
14.0,50,0,0
14.25,45,0,0
14.5,51,0,0
14.75,41,0,0
15.0,59,0,0
15.25,33,0,0
15.5,59,0,0
15.75,43,0,0
16.0,54,0,0
*****
8,0.25,50,(5.75: 16),0.4,0.8,0.0,2,0,1,4,60
6.0,53,53,48
6.25,62,62,57
6.5,68,68,55
6.75,63,63,52
7.0,57,57,44
7.25,67,67,41
7.5,60,60,27
7.75,65,65,22
8.0,59,51,10
8.25,50,0,1
8.5,65,0,0
8.75,60,0,0
9.0,67,0,0
9.25,53,0,0
9.5,64,0,0
9.75,73,0,0
10.0,63,0,0
10.25,59,0,0
10.5,57,0,0
10.75,63,0,0
11.0,68,0,0
11.25,58,0,0
11.5,65,0,0
11.75,60,0,0
12.0,70,0,0
12.25,56,0,0
12.5,63,0,0
12.75,65,0,0
13.0,56,0,0
13.25,70,0,0
13.5,56,0,0
13.75,58,0,0
14.0,68,0,0
14.25,64,0,0
14.5,57,0,0
14.75,69,0,0
15.0,56,0,0
15.25,65,0,0
15.5,58,0,0
15.75,60,0,0
16.0,59,0,0
*****
8,0.25,50,(5.75: 16),0.4,0.8,0.0,2,0,0.4,4,60
6.0,47,47,1
6.25,51,51,1
6.5,44,44,0
6.75,45,45,0
7.0,47,47,0
7.25,42,42,0
7.5,48,48,0
7.75,45,45,0
8.0,41,41,0
8.25,50,0,0
8.5,45,0,0
8.75,37,0,0
9.0,48,0,0
9.25,49,0,0
9.5,39,0,0
9.75,40,0,0
10.0,50,0,0
10.25,46,0,0
10.5,51,0,0
10.75,44,0,0
11.0,44,0,0
11.25,47,0,0
11.5,46,0,0
11.75,42,0,0
12.0,47,0,0
12.25,49,0,0
12.5,46,0,0
12.75,37,0,0
13.0,54,0,0
13.25,40,0,0
13.5,44,0,0
13.75,54,0,0
14.0,41,0,0
14.25,44,0,0
14.5,48,0,0
14.75,41,0,0
15.0,47,0,0
15.25,44,0,0
15.5,52,0,0
15.75,54,0,0
16.0,41,0,0
