*****
8,0.25,50,(5.75: 16),0.4,0.8,0.2,2,0.6,1,4,60
6.0,40,40,40
6.25,43,43,43
6.5,48,48,48
6.75,48,48,47
7.0,44,44,37
7.25,43,41,32
7.5,51,39,20
7.75,43,27,6
8.0,38,9,4
8.25,50,0,0
8.5,45,0,0
8.75,41,0,0
9.0,43,0,0
9.25,47,0,0
9.5,47,0,0
9.75,48,0,0
10.0,39,0,0
10.25,52,0,0
10.5,47,0,0
10.75,40,0,0
11.0,41,0,0
11.25,44,0,0
11.5,47,0,0
11.75,49,0,0
12.0,31,0,0
12.25,54,0,0
12.5,46,0,0
12.75,39,0,0
13.0,53,0,0
13.25,41,0,0
13.5,43,0,0
13.75,46,0,0
14.0,41,0,0
14.25,45,0,0
14.5,45,0,0
14.75,39,0,0
15.0,54,0,0
15.25,45,0,0
15.5,33,0,0
15.75,55,0,0
16.0,49,0,0
*****
8,0.25,50,(5.75: 16),0.4,0.8,0.2,2,0.3,0.7,4,60
6.0,49,49,46
6.25,50,50,41
6.5,54,54,39
6.75,52,52,34
7.0,44,44,20
7.25,55,55,19
7.5,50,50,12
7.75,48,48,2
8.0,52,51,3
8.25,50,0,3
8.5,52,0,0
8.75,57,0,0
9.0,48,0,0
9.25,54,0,0
9.5,44,0,0
9.75,59,0,0
10.0,43,0,0
10.25,53,0,0
10.5,58,0,0
10.75,46,0,0
11.0,57,0,0
11.25,49,0,0
11.5,53,0,0
11.75,50,0,0
12.0,62,0,0
12.25,48,0,0
12.5,50,0,0
12.75,57,0,0
13.0,41,0,0
13.25,55,0,0
13.5,59,0,0
13.75,47,0,0
14.0,50,0,0
14.25,52,0,0
14.5,50,0,0
14.75,56,0,0
15.0,48,0,0
15.25,51,0,0
15.5,48,0,0
15.75,53,0,0
16.0,46,0,0
*****
8,0.25,50,(5.75: 16),0.4,0.8,0.2,2,0,1,4,60
6.0,56,56,48
6.25,55,55,44
6.5,56,56,36
6.75,58,58,34
7.0,54,54,28
7.25,50,48,19
7.5,47,47,11
7.75,67,66,11
8.0,59,52,4
8.25,51,0,0
8.5,48,0,0
8.75,62,0,0
9.0,52,0,0
9.25,56,0,0
9.5,62,0,0
9.75,64,0,0
10.0,52,0,0
10.25,44,0,0
10.5,55,0,0
10.75,64,0,0
11.0,70,0,0
11.25,56,0,0
11.5,44,0,0
11.75,58,0,0
12.0,49,0,0
12.25,61,0,0
12.5,51,0,0
12.75,63,0,0
13.0,62,0,0
13.25,50,0,0
13.5,53,0,0
13.75,51,0,0
14.0,67,0,0
14.25,55,0,0
14.5,56,0,0
14.75,63,0,0
15.0,64,0,0
15.25,57,0,0
15.5,58,0,0
15.75,49,0,0
16.0,51,0,0
*****
8,0.25,50,(5.75: 16),0.4,0.8,0.2,2,0,0.4,4,60
6.0,64,64,0
6.25,56,56,0
6.5,63,63,0
6.75,59,59,0
7.0,52,52,0
7.25,59,59,0
7.5,61,61,0
7.75,58,58,0
8.0,62,62,0
8.25,51,0,0
8.5,67,0,0
8.75,61,0,0
9.0,59,0,0
9.25,63,0,0
9.5,57,0,0
9.75,58,0,0
10.0,69,0,0
10.25,60,0,0
10.5,69,0,0
10.75,62,0,0
11.0,67,0,0
11.25,72,0,0
11.5,65,0,0
11.75,60,0,0
12.0,53,0,0
12.25,63,0,0
12.5,60,0,0
12.75,62,0,0
13.0,60,0,0
13.25,65,0,0
13.5,62,0,0
13.75,65,0,0
14.0,69,0,0
14.25,60,0,0
14.5,74,0,0
14.75,52,0,0
15.0,72,0,0
15.25,65,0,0
15.5,66,0,0
15.75,51,0,0
16.0,68,0,0
