*****
8,0.25,50,(5.75: 16),0.1,0.8,0.1,2,0.6,1,4,60
6.0,46,46,46
6.25,57,57,57
6.5,52,52,52
6.75,53,52,53
7.0,49,46,48
7.25,62,57,60
7.5,53,42,37
7.75,46,20,29
8.0,59,13,22
8.25,50,0,13
8.5,52,0,10
8.75,65,0,7
9.0,48,0,1
9.25,49,0,1
9.5,59,0,0
9.75,47,0,0
10.0,53,0,0
10.25,65,0,0
10.5,41,0,0
10.75,61,0,0
11.0,42,0,0
11.25,58,0,0
11.5,56,0,0
11.75,50,0,0
12.0,59,0,0
12.25,50,0,0
12.5,53,0,0
12.75,64,0,0
13.0,47,0,0
13.25,52,0,0
13.5,59,0,0
13.75,50,0,0
14.0,53,0,0
14.25,49,0,0
14.5,55,0,0
14.75,46,0,0
15.0,66,0,0
15.25,47,0,0
15.5,49,0,0
15.75,59,0,0
16.0,53,0,0
*****
8,0.25,50,(5.75: 16),0.1,0.8,0.1,2,0,1,4,60
6.0,59,59,52
6.25,27,27,18
6.5,56,56,38
6.75,45,45,27
7.0,49,49,22
7.25,51,50,17
7.5,52,51,10
7.75,43,42,5
8.0,41,37,0
8.25,50,0,1
8.5,46,0,0
8.75,42,0,0
9.0,46,0,0
9.25,54,0,0
9.5,43,0,0
9.75,45,0,0
10.0,51,0,0
10.25,54,0,0
10.5,41,0,0
10.75,43,0,0
11.0,56,0,0
11.25,45,0,0
11.5,40,0,0
11.75,45,0,0
12.0,45,0,0
12.25,55,0,0
12.5,48,0,0
12.75,47,0,0
13.0,45,0,0
13.25,48,0,0
13.5,40,0,0
13.75,51,0,0
14.0,52,0,0
14.25,55,0,0
14.5,64,0,0
14.75,40,0,0
15.0,46,0,0
15.25,43,0,0
15.5,56,0,0
15.75,52,0,0
16.0,46,0,0
*****
8,0.25,50,(5.75: 16),0.1,0.8,0.1,2,0.3,0.7,4,60
6.0,57,57,52
6.25,58,58,43
6.5,41,41,28
6.75,64,64,38
7.0,51,51,23
7.25,55,55,13
7.5,54,54,8
7.75,54,54,7
8.0,64,59,7
8.25,50,0,2
8.5,47,0,3
8.75,60,0,0
9.0,53,0,0
9.25,61,0,0
9.5,48,0,0
9.75,54,0,0
10.0,50,0,0
10.25,64,0,0
10.5,47,0,0
10.75,57,0,0
11.0,50,0,0
11.25,61,0,0
11.5,52,0,0
11.75,55,0,0
12.0,52,0,0
12.25,58,0,0
12.5,48,0,0
12.75,62,0,0
13.0,49,0,0
13.25,55,0,0
13.5,49,0,0
13.75,56,0,0
14.0,55,0,0
14.25,50,0,0
14.5,51,0,0
14.75,60,0,0
15.0,58,0,0
15.25,48,0,0
15.5,57,0,0
15.75,53,0,0
16.0,53,0,0
*****
8,0.25,50,(5.75: 16),0.1,0.8,0.1,2,0,0.4,4,60
6.0,47,47,0
6.25,52,52,0
6.5,56,56,0
6.75,43,43,0
7.0,41,41,0
7.25,47,47,0
7.5,45,45,0
7.75,45,45,0
8.0,47,47,0
8.25,50,0,0
8.5,41,0,0
8.75,39,0,0
9.0,46,0,0
9.25,43,0,0
9.5,43,0,0
9.75,46,0,0
10.0,50,0,0
10.25,58,0,0
10.5,43,0,0
10.75,56,0,0
11.0,39,0,0
11.25,55,0,0
11.5,44,0,0
11.75,47,0,0
12.0,53,0,0
12.25,49,0,0
12.5,46,0,0
12.75,45,0,0
13.0,51,0,0
13.25,32,0,0
13.5,41,0,0
13.75,44,0,0
14.0,53,0,0
14.25,52,0,0
14.5,40,0,0
14.75,52,0,0
15.0,51,0,0
15.25,48,0,0
15.5,53,0,0
15.75,45,0,0
16.0,51,0,0
